60,59,57,55,55,55,55,52,53,53,54,55,54,54,56,54,54,54,53,50,51,51,47,47,47,48,47,46,46,48,50,52,53,56,53,51,52,53,52,46,50,49,49,48,52,53,55,57,56,54,55,52,51,56,50,56,54,53,54,57,56,54,55,59,60,56,53,53,48,51,51,48,45,44,43,42,41,39,38,36,36,35,34,33,32,32,31,30,29,29,29,29,29,30,30,29,28,28,28,28,28,28,27,27,27,26,26,25,27,24,27,23,24,24,25,25,24,23,23,23,23,23,23,23,23,23,22,22
61,60,57,56,56,57,57,55,55,55,56,57,57,57,57,56,54,54,54,51,51,51,48,47,47,47,47,47,48,49,51,52,52,56,57,57,54,54,50,51,51,50,50,53,54,54,61,66,59,62,60,67,63,54,58,57,58,56,56,58,58,59,56,59,60,56,50,51,50,50,48,46,45,44,44,42,41,39,39,37,36,35,34,34,33,31,30,31,30,29,29,29,29,30,30,29,28,28,28,28,28,28,27,27,27,26,26,27,28,27,23,26,25,25,24,24,23,23,23,23,23,23,23,23,23,23,22,22
63,61,59,56,56,56,57,55,55,57,59,60,61,61,60,58,56,56,55,53,51,50,48,47,46,46,47,48,46,48,50,53,55,59,58,57,54,51,58,51,47,51,50,53,58,56,63,64,60,59,66,97,67,58,58,62,61,60,59,59,60,60,56,57,52,53,54,49,48,50,47,47,46,45,44,43,42,40,39,37,37,36,35,35,33,31,29,31,30,29,29,29,29,30,30,29,28,28,28,28,28,28,27,27,27,26,26,25,23,27,25,25,27,25,24,22,22,22,23,24,24,23,23,23,23,23,22,22
64,62,60,57,56,57,58,56,57,59,61,64,64,64,62,60,58,57,57,54,51,50,49,47,46,45,47,50,49,50,52,54,56,57,53,59,65,53,50,56,109,122,93,98,87,71,70,66,68,105,116,67,53,59,57,63,64,63,63,62,64,59,59,70,71,50,51,50,52,47,48,49,48,46,44,43,42,41,40,38,37,36,35,35,33,31,30,30,29,29,29,29,29,30,30,29,28,28,28,28,28,28,27,27,27,26,26,26,30,24,27,23,26,25,24,23,22,22,23,24,24,23,23,23,23,23,22,22
66,63,61,59,57,58,59,59,60,62,63,65,66,65,64,61,58,57,57,55,51,50,49,48,46,45,48,51,53,56,55,53,57,94,119,116,100,107,94,102,125,107,142,162,157,138,141,130,90,101,101,75,90,69,59,58,63,86,79,67,65,60,56,72,86,55,50,54,61,50,50,51,49,46,45,44,42,40,39,38,38,37,35,34,33,32,32,30,29,29,30,30,30,30,30,29,28,28,28,28,28,28,27,27,27,26,26,28,37,23,26,25,26,24,23,23,22,22,24,24,26,26,26,25,23,22,22,22
68,65,64,63,61,59,60,61,63,64,65,68,70,68,67,63,60,59,58,55,53,51,48,49,47,46,50,53,50,57,50,65,70,71,52,56,56,81,125,182,197,193,185,171,150,142,117,146,174,136,115,82,82,87,101,97,105,121,90,79,78,69,79,74,75,65,48,51,61,53,53,46,49,46,43,45,43,44,41,39,39,38,36,35,35,34,32,31,31,31,31,32,32,30,30,29,28,28,28,29,29,28,28,28,28,27,27,26,27,27,27,26,25,23,22,22,22,24,25,24,27,27,27,26,23,21,22,22
71,68,67,66,65,64,63,64,65,65,66,70,72,70,68,66,63,61,58,56,55,52,48,48,48,48,52,56,58,57,58,57,71,69,62,57,131,194,187,186,180,156,144,134,148,161,165,146,183,192,157,128,144,100,126,113,93,81,87,83,88,88,87,60,61,103,98,74,60,57,55,55,47,58,67,58,45,41,38,41,41,40,38,37,37,35,34,33,33,33,33,31,31,31,30,29,28,28,28,29,29,28,29,28,28,27,27,24,26,27,27,27,24,23,22,22,23,25,25,24,26,23,23,23,22,22,22,22
71,68,68,68,68,69,68,67,68,69,69,71,72,69,70,68,66,63,60,58,57,54,50,50,50,52,55,57,59,59,88,113,93,54,89,147,184,144,115,131,159,161,159,165,146,160,173,197,211,197,207,191,178,172,127,105,113,118,83,82,128,132,151,122,108,128,104,101,66,53,51,64,77,67,56,48,52,43,40,42,42,42,41,40,39,38,36,35,35,35,34,32,31,31,31,30,29,28,27,29,29,29,29,29,28,27,26,26,27,26,25,23,24,22,22,23,24,25,25,24,25,26,24,22,22,22,22,22
74,71,71,72,71,71,70,71,72,72,73,75,77,75,74,73,71,67,64,61,59,56,54,53,53,55,56,57,62,64,84,63,72,92,168,182,142,139,186,184,184,205,202,209,213,216,212,219,205,212,201,199,208,203,191,165,137,126,105,118,139,137,160,178,180,152,159,77,79,56,61,71,59,48,49,49,46,59,44,43,44,44,43,42,40,40,38,37,36,35,34,34,33,32,31,30,30,28,27,28,29,29,30,30,28,26,25,27,27,25,24,23,23,22,22,24,24,26,25,23,25,25,23,21,22,22,22,22
74,71,73,74,72,73,74,74,74,85,76,76,79,80,79,78,74,73,70,64,61,57,54,53,54,56,60,62,76,67,60,56,95,175,171,179,171,173,185,188,202,210,198,202,193,185,188,201,191,191,204,213,219,207,203,190,175,158,166,155,191,175,173,179,150,171,185,140,115,121,73,56,59,54,51,49,40,54,64,47,45,47,40,44,39,43,38,40,37,37,35,34,33,31,31,32,31,29,28,28,28,28,30,30,29,27,26,27,26,25,25,25,23,23,23,23,23,24,24,24,24,24,23,22,21,21,20,20
74,72,73,74,73,73,75,75,74,80,77,78,79,85,82,80,79,77,73,71,66,60,55,59,61,63,61,59,76,75,71,113,164,183,156,163,171,189,183,156,196,198,203,214,215,221,225,226,223,216,211,210,219,220,215,194,199,197,202,203,206,204,178,195,177,192,185,178,140,121,95,81,71,52,50,47,50,45,53,44,49,70,76,62,49,41,45,38,38,38,37,34,33,32,32,32,31,29,28,28,29,29,30,29,29,27,27,29,27,27,27,26,24,24,24,24,24,25,24,23,23,24,23,22,21,21,21,22
75,73,73,74,74,73,74,74,74,76,78,81,84,86,87,83,85,81,75,78,82,81,76,66,63,64,62,67,66,72,135,106,163,155,159,173,141,145,177,203,195,197,222,228,230,232,233,228,230,233,230,228,228,225,225,219,208,212,210,206,197,201,198,184,192,201,177,206,205,136,91,79,95,61,50,45,49,52,49,44,106,82,61,63,75,63,65,53,39,35,37,34,34,32,33,33,31,29,28,29,29,30,29,29,28,28,27,28,27,26,26,26,24,24,24,24,26,26,25,23,23,24,24,23,22,22,22,22
74,75,73,74,75,74,73,73,75,78,81,83,88,87,90,87,86,82,78,73,69,73,82,83,81,79,65,66,80,105,111,143,185,160,163,124,136,189,209,201,216,235,234,232,235,229,229,234,237,235,225,225,229,228,227,225,221,228,214,211,186,192,183,183,185,207,194,192,220,194,166,111,122,114,110,73,61,69,65,61,125,56,66,86,87,63,70,58,55,40,38,36,34,34,34,33,31,30,30,30,29,29,28,28,28,28,28,27,26,25,25,26,25,25,25,25,26,26,25,24,24,25,24,23,23,22,21,22
75,76,73,74,76,74,73,73,75,76,86,85,89,94,91,89,85,82,81,76,71,69,70,71,90,113,102,100,126,146,175,180,191,151,149,184,201,216,218,232,233,229,224,219,218,222,232,233,231,228,226,227,222,225,227,225,228,230,226,226,223,214,212,207,218,221,199,192,210,210,216,188,178,178,133,170,123,62,58,67,96,79,70,81,85,57,51,64,61,36,34,38,35,35,35,33,31,30,32,30,29,28,28,28,28,29,29,28,28,27,27,27,26,26,26,26,25,25,25,26,26,25,25,24,23,21,20,20
73,74,73,73,74,74,73,73,75,79,84,89,90,90,90,87,85,83,82,76,74,74,74,74,85,79,91,113,124,130,155,164,123,158,191,207,208,215,223,221,222,214,203,208,224,225,221,219,216,213,216,218,221,224,223,220,226,230,229,228,220,226,223,216,218,217,223,212,213,217,221,213,206,180,130,129,187,123,74,78,126,112,96,111,98,97,94,102,124,133,89,56,36,35,36,36,31,30,30,30,29,29,28,29,29,29,28,29,29,28,28,27,26,27,27,25,23,25,25,24,26,27,26,22,21,23,23,23
73,72,71,73,76,74,73,74,75,79,83,89,92,91,89,86,84,83,83,78,83,77,74,84,72,75,118,153,150,153,165,171,172,181,196,216,208,218,215,220,215,212,218,226,227,228,234,232,228,226,230,226,221,224,224,219,225,227,226,224,220,222,224,232,229,221,220,220,220,214,223,220,222,233,213,186,187,191,151,124,161,170,155,107,109,146,167,160,143,116,99,84,82,47,32,34,31,31,30,30,29,29,30,30,28,27,28,29,29,28,28,27,27,27,27,25,24,25,25,23,25,24,26,24,22,22,23,23
71,71,70,74,77,75,74,75,76,79,83,88,91,90,87,85,83,82,81,78,75,88,95,88,74,88,121,138,149,136,107,168,177,179,195,212,215,207,201,217,228,235,233,233,233,239,242,240,238,234,229,232,224,226,228,222,219,224,226,225,226,229,228,230,227,226,221,220,223,229,221,210,225,210,191,224,230,216,182,194,195,185,173,132,162,197,221,208,186,179,127,72,96,72,35,33,35,31,31,31,31,30,31,31,28,28,29,30,30,29,29,28,28,27,26,26,25,26,25,23,24,24,26,24,22,22,22,22
68,70,72,74,76,75,75,75,76,79,82,86,88,87,85,84,82,82,81,77,68,78,81,89,108,142,154,153,162,171,175,163,163,194,206,210,199,213,221,232,239,238,236,239,240,241,238,239,238,235,227,225,224,228,232,231,225,225,226,223,222,225,228,233,234,228,228,230,227,230,220,221,222,203,206,204,210,220,193,183,193,188,196,183,200,227,222,203,197,198,148,72,76,72,42,34,34,33,34,33,33,33,32,32,31,31,31,30,30,30,29,29,30,27,26,26,25,26,25,23,24,25,26,23,22,22,22,22
67,71,74,75,76,76,75,74,76,79,82,84,84,83,83,81,81,82,75,87,106,121,134,156,169,195,185,172,145,148,175,188,195,208,219,224,228,233,236,232,239,240,239,238,234,237,238,234,232,232,229,227,225,226,229,228,227,227,229,225,223,223,224,230,228,233,228,230,229,229,224,219,218,212,212,200,213,223,202,209,197,199,189,196,212,232,206,206,195,168,157,120,62,56,48,35,35,35,35,35,34,34,33,33,34,34,32,31,31,30,30,30,29,28,26,26,26,26,25,23,23,26,25,22,21,22,21,22
68,72,75,77,77,78,78,78,80,81,82,83,83,83,86,81,83,77,134,167,112,87,130,129,132,172,143,148,159,179,189,216,224,224,229,232,233,237,237,236,237,237,237,236,237,238,237,232,229,229,228,229,225,226,228,227,227,226,226,227,228,226,227,230,229,234,232,233,233,227,219,223,215,212,213,211,222,216,200,208,216,214,207,206,214,229,211,199,185,164,132,134,52,64,36,35,35,43,38,38,38,36,36,35,34,35,34,33,33,31,31,29,28,27,26,26,25,25,25,24,24,24,23,23,22,22,23,24
70,73,76,78,80,82,82,80,80,81,83,84,86,86,80,84,72,129,149,93,76,85,136,149,139,158,158,160,168,188,204,216,224,219,225,232,231,232,235,238,239,238,232,231,231,233,235,235,236,234,228,224,227,228,225,225,226,225,223,226,230,230,228,228,228,228,231,232,231,230,216,217,220,213,219,220,224,207,201,208,218,216,213,216,222,226,221,211,194,175,164,149,92,47,39,35,46,42,43,40,42,38,37,36,36,37,35,35,34,32,30,29,27,27,26,25,25,25,24,24,23,23,23,22,22,21,21,22
72,74,77,80,83,84,81,79,83,81,82,84,85,85,88,82,110,131,135,108,85,105,134,142,157,144,144,169,192,207,217,223,220,217,226,234,233,234,232,231,231,233,234,231,227,227,228,228,229,228,223,220,225,228,226,224,222,224,226,224,227,229,226,226,228,228,229,228,225,225,222,220,218,215,221,223,220,212,217,221,216,225,220,232,233,233,231,220,203,182,132,123,96,91,78,51,43,53,50,43,40,39,38,36,36,36,35,34,33,31,30,28,27,26,25,24,24,24,23,23,23,22,22,22,21,21,21,22
74,75,78,81,85,87,85,84,85,84,85,86,86,85,86,79,97,96,156,142,128,138,137,141,159,178,183,199,210,215,218,221,212,212,221,224,224,224,226,230,236,240,235,230,226,224,222,218,216,218,218,222,223,227,227,220,220,220,227,224,221,224,222,222,228,228,225,227,227,222,222,225,220,218,220,226,214,224,226,222,229,233,231,238,238,238,230,219,214,198,166,136,128,124,127,70,74,63,66,61,46,38,36,34,34,35,33,31,31,30,29,28,26,26,25,24,24,23,23,23,22,22,22,21,21,21,21,22
75,77,80,83,87,89,87,86,86,84,87,86,84,84,83,93,128,159,178,184,194,195,200,204,205,204,213,219,213,216,216,224,211,208,221,224,221,227,228,231,235,235,231,226,222,222,221,219,217,218,219,223,220,224,225,221,223,218,221,227,224,222,219,219,226,223,219,221,225,226,222,221,223,221,220,222,225,230,231,231,232,235,238,236,235,230,223,219,212,209,197,183,145,155,154,105,54,77,74,83,63,37,34,33,33,31,29,28,28,28,27,26,25,24,23,23,22,22,22,22,22,20,22,24,23,21,21,21
76,77,80,83,87,89,87,89,89,88,85,86,83,89,136,168,142,107,116,131,162,156,165,184,198,210,205,218,217,211,206,199,205,211,219,224,228,230,230,233,234,231,226,220,223,222,221,222,215,212,220,223,217,220,224,219,221,219,215,223,225,225,222,219,219,218,224,225,221,221,224,224,223,222,222,224,229,234,234,236,234,234,232,229,231,230,228,220,212,206,193,182,166,126,150,121,64,61,75,68,75,44,32,32,32,31,29,29,28,27,26,26,25,24,23,23,22,22,22,22,22,22,24,23,21,20,22,22
79,79,81,83,86,89,89,92,93,91,88,85,88,108,130,158,159,161,151,158,161,150,173,176,188,194,207,204,182,198,210,213,219,225,223,221,226,228,230,232,231,226,222,222,222,222,219,218,217,211,219,225,217,219,223,222,222,219,214,212,215,221,225,224,221,215,224,224,218,219,223,224,220,220,227,229,231,232,230,229,227,229,228,230,230,229,219,213,213,212,216,221,201,166,193,128,109,70,62,48,75,57,32,30,31,31,30,29,28,27,25,25,25,24,23,23,22,22,22,22,22,22,23,23,22,21,22,22
83,83,83,85,87,88,90,93,93,91,91,86,106,121,94,98,123,118,130,157,158,138,147,144,167,176,193,181,190,201,209,222,221,224,224,220,218,223,226,231,231,226,227,230,219,212,211,211,218,213,215,222,221,219,221,224,218,214,215,212,209,212,219,224,230,226,227,222,217,219,222,220,218,219,222,223,227,229,228,224,221,223,218,226,229,229,222,222,224,215,212,220,203,214,197,126,108,78,60,67,70,59,32,30,31,31,30,29,28,26,24,24,25,24,23,23,22,22,22,22,22,21,21,22,23,23,23,23
87,86,86,87,88,88,91,93,92,90,90,89,124,114,91,100,115,132,131,119,116,115,138,171,192,197,193,207,199,206,216,225,222,217,227,228,223,217,219,223,225,223,226,225,219,211,209,208,214,211,210,217,222,219,216,224,221,214,207,209,218,216,212,212,217,219,218,220,220,220,224,219,221,222,220,220,223,223,222,218,216,218,214,225,226,224,226,219,214,212,210,213,217,220,195,188,102,74,71,85,47,57,33,30,30,30,29,29,28,26,24,24,25,24,23,23,22,22,22,22,22,23,23,22,21,22,23,23
86,87,87,88,88,89,92,92,93,95,89,94,117,124,97,111,131,110,90,118,143,166,196,209,204,209,208,220,221,219,211,216,212,201,203,213,215,222,222,222,225,218,220,220,217,216,207,198,199,212,207,211,215,225,214,213,222,223,212,203,207,212,216,217,215,213,213,219,222,229,228,226,224,219,216,220,221,219,217,214,216,215,218,217,220,220,217,212,209,218,214,210,214,224,193,184,141,49,40,50,76,49,40,33,30,30,28,27,27,26,25,24,23,24,24,22,22,23,22,20,22,28,21,22,21,22,21,23
89,88,87,86,86,89,91,91,92,92,92,98,127,120,105,123,105,124,130,147,165,207,209,203,198,199,207,199,207,218,211,202,190,193,205,209,213,219,228,221,216,216,219,216,214,202,191,203,196,205,209,208,204,218,221,217,214,211,212,216,218,216,215,215,210,209,205,207,207,213,218,220,222,220,215,210,212,217,215,209,211,211,214,212,214,215,218,221,222,218,212,218,220,221,190,180,168,99,69,54,70,37,64,60,38,31,27,27,27,26,25,24,23,24,24,22,22,23,23,23,26,34,20,21,21,20,19,21
89,89,89,89,89,90,92,92,92,92,108,101,112,117,95,89,114,122,117,147,173,190,186,170,174,199,207,210,207,208,205,210,211,207,213,218,224,226,227,220,219,217,213,214,210,205,201,205,201,190,199,205,203,207,211,216,216,212,211,211,215,212,207,207,207,211,210,217,215,211,204,202,206,209,206,204,203,202,207,203,202,200,209,212,214,218,222,223,221,218,217,216,219,215,189,162,182,186,181,151,105,54,40,51,67,45,29,27,27,26,25,24,23,24,24,22,22,23,21,20,22,21,22,23,19,21,21,22
92,91,91,90,90,93,95,93,94,92,100,93,106,126,87,104,107,111,129,153,172,154,160,177,192,186,205,209,198,200,198,201,206,206,216,225,229,224,223,221,223,216,208,204,198,192,198,202,200,203,202,205,204,197,195,203,205,205,206,212,214,208,198,196,206,209,207,214,209,202,195,196,202,204,203,203,202,201,203,198,197,196,204,207,212,214,216,217,217,218,223,220,221,222,207,209,200,157,138,146,154,171,126,50,53,73,40,27,27,26,25,24,23,24,24,22,22,23,21,21,22,25,23,20,19,24,21,22
97,94,93,91,91,94,96,95,95,95,95,100,105,107,109,115,128,132,154,151,155,165,183,174,181,194,197,188,189,199,205,212,212,215,226,223,222,226,227,224,221,213,210,202,204,193,189,197,200,203,207,203,202,192,191,194,195,190,181,183,192,201,202,194,193,190,190,196,197,196,201,201,205,201,201,202,200,201,202,202,202,201,202,204,210,209,207,211,215,212,219,220,220,218,222,220,216,208,190,119,85,93,101,84,68,53,74,30,27,26,24,24,23,23,23,22,22,23,23,23,24,22,21,23,21,21,20,21
96,94,94,93,91,94,97,95,96,98,98,103,102,100,98,107,117,146,164,167,160,164,174,178,176,177,194,207,215,209,207,216,215,212,212,208,214,219,215,214,216,213,208,207,200,197,200,200,203,195,183,177,181,181,186,185,184,186,184,182,187,190,193,195,194,193,198,199,202,199,202,203,204,206,209,209,206,203,205,203,201,200,198,202,202,206,206,200,200,202,207,207,207,212,208,216,214,201,208,193,157,84,34,46,88,68,85,40,24,26,23,28,24,23,22,23,23,23,23,23,23,22,22,21,21,21,21,20
93,94,96,94,92,95,96,95,97,96,100,105,104,106,108,123,116,130,145,125,133,152,194,188,190,202,201,208,217,219,205,202,208,205,207,206,204,207,207,207,208,212,211,199,182,188,187,179,180,185,183,189,182,178,182,182,183,185,182,180,182,187,192,194,188,193,198,199,203,201,203,205,199,201,206,207,205,202,200,203,203,203,199,203,201,197,202,200,191,188,196,201,206,202,201,214,223,215,203,186,183,167,66,33,45,86,85,44,31,26,26,27,24,23,23,23,23,23,23,23,23,22,22,21,21,21,21,20
94,95,97,96,94,96,98,97,98,100,107,115,110,107,125,151,165,150,123,115,135,159,192,197,198,204,205,213,215,197,198,197,191,189,199,209,213,212,213,213,212,211,187,171,169,164,163,165,166,171,169,175,177,182,179,177,182,178,175,179,183,189,191,190,192,192,196,197,203,203,201,200,204,208,208,207,207,206,203,203,202,202,198,202,200,198,197,202,197,186,185,188,199,205,213,210,213,227,215,204,192,191,140,22,51,61,74,32,32,24,29,23,25,24,23,24,23,23,23,23,23,22,22,21,21,21,21,20
98,96,98,98,96,97,99,99,98,104,107,115,114,109,146,151,157,136,121,144,171,181,197,205,216,217,209,195,198,214,221,200,186,188,199,200,198,194,194,198,197,189,172,169,162,170,165,164,154,156,162,168,173,179,173,174,179,181,180,181,183,184,187,192,193,192,196,198,205,205,200,198,202,207,207,203,203,205,202,204,201,200,198,203,202,199,196,198,203,194,186,183,188,195,202,202,198,197,210,216,197,177,189,80,52,48,84,51,26,29,25,26,25,24,24,24,23,23,23,23,23,22,22,21,21,21,21,20
102,100,101,100,98,99,99,99,100,103,109,106,113,142,167,158,138,124,163,178,173,191,202,207,204,201,205,205,209,213,196,199,192,176,190,199,203,204,204,196,185,183,172,153,143,164,161,152,150,154,156,154,167,172,174,179,179,180,179,180,185,188,193,197,193,196,199,198,201,206,201,200,206,208,206,204,205,207,204,206,205,203,202,200,199,200,195,196,198,198,194,182,190,197,201,203,209,205,193,202,212,203,187,163,65,55,40,53,27,32,24,27,25,25,25,26,26,25,25,24,24,22,23,23,21,21,21,21
106,104,104,103,101,103,104,104,104,107,112,111,143,150,131,121,136,159,167,187,192,207,206,200,196,198,196,202,200,190,190,186,164,172,176,184,184,182,177,172,178,185,161,135,124,131,130,132,139,144,150,148,158,161,164,176,178,178,179,185,188,186,188,193,195,201,196,199,206,207,206,201,205,209,208,206,206,207,206,206,205,204,203,201,200,200,195,196,197,196,193,185,184,192,205,202,196,190,185,187,191,211,198,188,98,40,52,38,39,34,29,24,25,26,26,26,26,25,25,24,24,23,23,23,22,21,21,21
111,108,107,106,104,105,108,110,110,113,110,139,139,126,128,146,139,145,183,206,214,214,186,178,179,187,185,194,185,185,179,174,165,168,162,165,164,166,175,184,188,178,144,133,109,107,117,120,133,138,148,146,146,155,163,174,179,175,172,175,180,183,188,194,198,199,198,199,206,213,215,207,207,210,210,207,206,206,207,208,207,204,202,202,204,203,198,195,196,194,193,190,180,194,194,203,209,195,183,179,167,188,217,203,147,81,68,61,46,51,39,30,26,26,26,26,25,25,25,24,24,23,24,24,22,21,21,21
116,111,110,109,110,111,112,112,112,116,148,134,121,118,129,145,164,197,211,210,188,179,174,184,187,186,188,189,190,176,144,152,136,156,139,139,152,177,179,168,172,168,131,121,115,113,109,111,125,131,142,146,146,161,165,170,169,171,175,183,186,188,193,196,200,197,199,196,196,201,205,203,204,207,206,207,207,206,209,211,210,209,208,208,209,207,204,199,197,193,189,190,183,192,200,202,212,216,194,193,184,169,186,212,182,154,89,79,67,34,48,35,27,26,26,26,25,25,25,24,24,24,24,24,23,22,21,21
120,115,113,113,112,113,114,117,121,148,146,110,129,134,141,164,181,183,189,187,182,174,177,194,197,189,198,190,183,163,151,155,126,141,119,132,149,168,175,166,170,168,153,138,109,96,95,101,116,126,136,137,148,157,151,162,169,173,176,181,185,188,187,188,193,195,194,199,201,199,200,202,199,196,195,198,200,199,201,197,199,201,203,204,201,201,201,197,194,192,185,187,185,186,196,206,215,216,206,188,194,185,156,194,220,163,127,115,83,54,60,40,26,27,27,26,24,25,25,24,24,24,25,24,23,22,21,21
117,115,113,112,113,117,117,115,117,137,130,123,137,142,155,168,171,185,182,174,177,182,184,189,182,181,189,182,165,152,168,153,132,126,131,165,179,174,175,179,179,144,132,116,88,88,92,92,113,111,128,139,136,127,144,167,168,159,160,168,176,184,191,198,199,200,203,204,203,212,211,210,202,204,209,213,208,207,206,210,210,210,210,210,209,207,203,197,192,191,191,187,186,187,192,208,211,214,215,201,192,193,185,177,215,195,137,134,85,87,82,64,36,28,21,29,25,26,27,26,25,26,25,23,22,22,22,21
116,115,115,115,115,119,119,119,121,143,140,136,134,146,148,146,167,158,160,167,175,183,180,181,172,184,184,172,163,165,189,147,110,113,160,188,163,152,177,186,178,150,147,122,86,76,78,97,107,114,138,119,115,128,142,151,156,158,166,172,181,192,194,197,197,201,202,203,204,211,212,210,202,212,217,208,208,209,207,207,212,215,211,206,204,203,203,201,197,189,185,188,188,182,187,200,207,207,210,208,203,204,200,191,199,209,161,122,117,119,78,65,44,48,36,29,24,23,23,26,26,26,25,23,22,22,21,21
116,116,116,117,116,117,117,121,124,139,142,127,161,146,139,155,143,161,173,164,156,157,168,168,176,196,184,170,166,185,202,168,179,203,214,187,182,195,183,185,163,148,144,118,80,63,76,94,93,125,109,108,128,134,128,136,152,168,172,175,177,181,182,185,185,183,195,203,205,203,211,214,208,213,217,213,215,209,212,215,212,209,211,214,210,206,203,197,196,193,184,180,185,182,184,193,202,203,208,208,207,201,199,193,182,209,166,137,81,88,129,111,97,72,40,31,27,28,27,25,26,26,25,23,22,21,20,20
116,115,115,116,116,117,115,119,119,113,128,122,145,152,150,176,158,159,152,156,157,169,180,192,196,197,190,180,178,160,176,190,193,180,182,202,199,196,183,165,148,143,131,111,82,66,80,87,98,111,99,114,126,130,138,131,137,134,135,142,154,167,174,185,192,198,201,200,199,192,192,196,193,191,190,196,198,198,198,209,216,216,206,198,198,199,201,199,194,190,185,182,184,181,181,185,193,193,200,201,201,197,184,182,171,192,190,136,109,103,87,53,56,65,55,68,44,27,23,28,25,26,25,23,22,22,21,21
116,115,115,116,116,116,115,115,114,119,125,127,119,133,148,160,154,149,150,165,169,180,196,194,199,198,196,197,194,180,182,186,178,181,195,205,198,189,182,171,173,151,140,114,88,66,79,82,88,107,104,111,132,138,125,104,106,119,144,164,175,180,179,188,194,204,205,204,210,211,211,213,212,206,206,206,203,208,202,196,194,194,202,207,208,199,193,189,192,192,190,188,184,182,182,182,191,190,191,197,197,199,193,185,168,174,198,162,126,117,119,73,62,33,38,68,62,73,15,28,23,26,25,22,25,23,20,20
116,115,117,117,114,111,115,116,120,121,120,118,124,130,162,164,164,149,148,158,173,174,178,194,202,213,205,193,176,175,172,164,178,175,171,183,179,194,178,163,155,156,140,115,94,83,78,73,81,105,104,115,115,108,125,139,144,147,149,148,162,164,171,179,186,193,200,196,196,205,204,206,211,204,211,213,209,208,208,207,210,209,211,209,210,208,204,200,193,189,188,187,184,184,186,183,191,194,184,182,191,192,184,176,175,158,191,175,152,123,69,95,91,41,36,50,45,68,64,27,28,25,23,23,26,22,21,21
117,115,117,117,116,115,114,114,121,128,137,135,135,136,171,167,155,148,156,171,179,162,166,187,185,190,197,206,224,220,209,188,167,166,156,161,181,171,168,170,166,159,122,112,83,84,61,73,71,90,111,100,105,130,124,135,133,146,146,157,169,167,182,184,190,199,205,200,193,196,196,204,212,195,200,208,206,206,207,202,207,209,211,207,206,206,206,205,200,195,190,188,185,185,187,184,190,197,187,173,180,185,185,181,187,166,185,171,159,166,79,66,87,86,35,31,59,30,66,29,26,26,27,26,24,22,22,21
118,117,117,117,117,116,111,117,126,124,149,140,137,158,167,153,140,147,159,170,167,170,187,186,177,187,207,220,217,207,188,179,154,147,155,152,150,166,162,150,157,134,98,112,93,88,63,75,67,92,89,93,112,126,122,130,144,147,130,145,158,162,175,177,184,197,204,213,213,206,201,203,209,199,207,212,210,211,208,213,213,210,213,210,207,208,209,207,205,200,193,188,183,182,185,184,189,202,200,185,178,181,181,181,179,186,181,165,162,104,116,68,91,104,95,52,53,46,59,57,24,32,31,27,22,25,23,22
119,117,118,117,116,115,116,132,133,126,133,138,156,151,159,151,160,143,160,163,168,174,187,183,186,196,208,227,229,230,219,197,168,143,143,148,149,162,166,165,158,134,124,102,92,90,66,73,66,81,83,93,114,117,121,132,123,116,115,115,129,143,158,164,168,175,185,195,199,201,201,202,200,190,199,209,208,203,204,195,195,192,193,192,196,193,194,201,202,200,196,191,184,184,188,186,187,205,209,197,187,184,182,186,178,185,185,165,142,136,103,143,117,79,93,72,39,39,48,52,35,41,25,25,22,21,23,23
122,116,118,118,117,115,126,133,122,131,151,155,150,133,149,165,164,178,171,185,196,180,177,180,190,212,213,217,215,202,194,188,169,147,136,138,155,171,168,172,167,153,115,103,95,95,72,70,66,75,86,92,104,104,110,104,112,140,157,161,170,179,186,188,193,193,200,208,207,212,203,201,199,182,200,199,200,200,205,201,210,209,215,207,208,207,207,200,190,191,195,192,185,186,187,190,192,203,211,205,189,176,176,181,182,184,187,164,137,149,115,96,102,41,45,90,43,45,57,55,43,29,24,24,22,24,24,24
122,117,119,119,117,118,127,125,141,170,153,132,139,135,148,152,167,168,159,169,176,170,178,186,197,194,198,192,177,164,155,147,139,126,124,125,158,159,170,174,169,143,116,123,84,88,81,68,60,70,84,90,115,117,95,98,121,135,152,158,164,167,178,176,169,178,183,203,213,213,214,211,207,191,203,200,200,201,198,204,206,208,210,207,210,210,214,214,206,195,189,190,187,184,184,191,197,206,207,207,189,174,176,171,175,186,188,173,139,116,144,90,84,64,43,73,69,60,58,62,58,26,25,26,22,23,22,22
123,120,120,121,122,122,136,143,140,132,139,136,145,168,158,158,164,152,170,169,168,175,179,182,182,186,187,171,158,157,158,151,148,124,106,137,139,155,179,186,150,142,140,107,85,86,86,74,58,65,81,91,113,104,87,96,128,115,126,131,137,143,138,153,155,160,172,193,210,211,211,214,213,203,212,206,202,209,205,199,201,212,212,211,213,212,211,207,204,197,195,195,184,181,181,194,204,212,206,205,192,172,174,170,169,176,181,180,163,144,139,145,83,83,68,65,59,89,100,109,44,26,25,27,22,22,23,23
127,124,122,122,124,132,146,145,134,140,145,140,139,150,141,158,154,174,177,165,174,184,182,179,180,177,175,182,176,168,156,143,140,133,132,124,122,159,184,164,162,143,116,114,112,84,80,77,61,66,80,81,100,87,82,122,100,64,67,78,89,84,66,100,136,147,168,184,200,208,210,215,216,207,213,209,201,212,212,202,202,208,210,202,204,206,207,209,207,198,193,194,190,181,180,198,209,212,205,201,201,188,188,185,176,172,174,179,178,160,129,133,119,87,120,70,66,81,96,112,30,26,25,26,22,23,24,24
130,127,123,122,124,126,149,158,135,130,143,135,133,160,166,167,179,171,188,188,195,179,166,165,169,176,198,181,166,165,158,170,172,147,118,121,130,173,175,168,164,137,138,119,100,81,74,72,61,67,82,73,94,62,107,96,63,44,47,46,50,42,57,82,112,111,130,155,184,194,205,212,216,207,214,212,206,214,213,203,199,195,206,195,192,187,188,194,198,197,195,193,190,182,181,200,210,208,206,200,196,190,188,182,178,180,179,184,173,173,146,84,133,119,143,88,84,78,67,94,50,28,24,25,22,23,22,21
130,127,125,125,128,124,146,183,154,147,148,140,167,185,176,185,160,165,204,209,194,169,169,165,172,178,162,138,153,175,163,143,132,138,127,120,129,175,179,170,154,162,146,103,96,90,79,64,59,61,82,59,81,81,100,65,50,51,37,36,47,40,62,74,95,108,105,130,171,179,185,203,205,202,211,212,208,208,208,195,192,190,187,160,142,153,172,165,183,184,187,195,196,180,178,191,207,207,204,194,193,186,181,181,179,179,176,175,171,177,186,141,140,151,124,91,82,64,75,55,82,48,25,25,24,21,22,22
132,131,129,129,130,133,133,172,177,165,172,185,177,157,165,169,182,195,196,203,185,174,169,163,168,169,161,156,160,168,151,141,118,117,124,114,113,171,193,173,166,141,129,118,93,90,75,68,54,62,68,72,66,97,106,95,68,64,57,67,79,72,51,52,59,81,91,112,141,158,163,182,195,198,202,208,205,200,199,180,176,174,160,120,97,98,113,118,135,148,145,177,194,181,178,191,209,203,200,187,189,187,181,183,182,189,182,180,166,160,182,185,170,148,89,95,96,74,55,63,54,53,22,21,25,23,23,23
133,133,132,131,130,133,129,142,159,176,159,156,162,172,166,175,185,187,205,201,175,170,185,163,161,165,152,137,153,144,119,115,128,109,109,101,102,174,189,171,147,136,135,123,85,83,76,64,60,56,60,77,76,108,101,92,89,108,102,89,86,101,85,75,56,50,60,71,108,134,147,157,174,190,196,202,197,195,194,178,162,152,133,99,68,54,65,89,107,125,129,144,181,181,174,181,203,202,205,197,185,188,184,169,176,178,186,177,175,164,135,166,183,175,132,104,90,93,63,61,47,37,26,26,24,23,24,24
138,139,140,138,138,143,143,154,152,154,155,157,165,175,181,184,197,204,194,194,183,178,179,162,160,158,133,115,132,126,127,121,100,98,99,92,106,168,194,174,148,133,130,82,88,86,77,61,60,57,60,66,72,97,100,125,127,130,100,68,47,41,40,50,70,65,53,38,66,99,113,126,148,175,182,190,197,198,183,162,155,145,113,78,54,45,50,60,82,88,122,135,164,181,178,178,201,203,207,202,185,183,190,180,178,171,184,181,174,178,139,116,127,163,173,132,106,86,47,46,36,38,24,23,24,25,23,23
140,144,150,152,148,154,153,159,161,164,169,163,161,182,178,181,192,195,191,186,174,180,183,160,162,150,130,119,121,117,114,113,100,104,92,96,115,159,188,180,151,148,100,78,94,88,82,74,62,58,59,66,64,93,103,115,143,91,45,34,45,52,45,36,40,80,85,47,45,58,75,95,129,154,176,188,192,191,185,147,139,109,70,39,41,30,38,45,48,49,94,133,150,172,179,177,196,203,207,202,193,185,189,194,172,158,165,171,160,159,151,125,111,105,134,167,168,121,79,59,47,59,36,27,22,24,23,24
142,151,151,147,140,148,152,146,148,168,167,155,183,198,191,203,199,193,195,186,172,185,189,161,165,149,134,137,119,115,123,106,107,105,97,103,120,132,183,179,154,155,94,91,93,79,80,73,60,53,57,64,67,76,93,109,121,68,86,111,143,169,167,135,78,81,120,105,49,41,46,59,111,151,176,188,191,184,170,137,126,116,62,27,22,39,41,24,38,87,115,129,142,165,183,170,188,201,190,183,181,181,177,199,187,150,152,159,169,154,147,133,117,72,77,82,107,164,98,43,46,51,30,28,30,22,23,22
147,145,141,145,143,143,152,160,158,177,198,182,197,192,191,192,193,191,191,190,182,193,192,169,163,160,137,127,124,94,104,120,106,94,103,93,119,127,176,180,164,154,96,101,92,87,80,69,58,55,59,61,66,66,95,135,95,81,104,115,119,139,163,173,97,107,110,135,104,55,47,46,84,150,183,194,191,173,146,123,132,128,82,84,109,148,178,161,74,60,155,153,137,158,187,174,192,200,186,173,166,166,168,194,204,158,156,150,164,160,132,134,133,105,88,63,30,111,147,83,49,60,47,36,44,30,27,24
146,142,145,149,146,157,174,180,184,191,205,189,168,165,194,197,192,191,191,188,192,196,191,166,165,162,146,148,127,115,99,93,101,93,103,97,112,133,164,186,166,127,105,109,88,95,73,69,58,62,69,63,64,71,103,118,75,62,65,34,13,80,28,60,112,77,59,109,100,59,62,49,61,129,179,195,186,155,121,133,149,87,68,73,68,93,151,191,186,109,111,190,143,160,186,180,199,186,193,190,180,171,162,179,216,188,166,151,147,173,131,151,134,97,107,112,89,69,121,66,57,57,49,59,72,37,27,24
148,146,145,150,155,163,168,162,156,162,158,162,188,201,202,195,202,201,188,189,195,189,186,175,163,156,156,142,114,105,96,91,92,92,97,93,103,137,147,181,161,111,100,100,96,88,73,66,57,70,82,73,80,89,111,51,42,25,11,78,20,100,107,103,36,102,62,51,69,52,78,58,87,147,198,215,210,168,107,84,90,67,47,26,41,74,12,56,133,161,71,147,161,162,183,180,202,174,179,192,190,179,158,163,207,204,173,148,145,155,119,103,130,120,102,90,79,80,116,131,57,65,53,51,57,36,26,25
150,146,150,151,146,147,141,146,143,157,161,172,187,190,200,209,213,209,199,204,193,191,192,184,161,163,168,110,85,78,92,104,80,82,87,96,113,135,138,168,150,110,91,97,91,83,80,68,64,77,93,83,84,111,86,33,24,21,15,21,11,22,128,201,131,36,77,87,66,58,105,64,77,139,191,215,211,184,141,135,102,36,49,37,11,18,76,39,16,98,94,92,157,162,184,185,211,172,167,173,180,174,172,160,198,210,183,157,136,158,134,76,98,88,118,118,88,72,87,172,115,57,47,45,40,29,27,31
150,145,147,150,147,141,148,154,155,152,168,195,193,204,208,217,215,210,207,200,199,193,192,178,160,173,151,46,31,57,67,80,81,64,92,92,117,127,127,155,132,93,89,90,93,89,85,85,86,111,117,91,116,115,56,34,44,49,36,20,19,68,164,194,173,104,119,140,152,61,98,67,82,145,188,209,211,191,196,193,131,85,55,30,15,41,154,120,25,29,77,90,162,176,188,184,210,182,162,166,175,175,168,165,185,217,188,182,133,145,151,60,96,76,56,94,63,50,43,107,99,27,41,53,59,37,30,26
146,145,147,148,144,145,165,152,142,140,161,176,183,193,209,208,202,210,214,191,193,177,180,182,172,174,134,44,44,59,62,61,57,76,93,95,103,122,124,136,117,88,76,75,82,88,88,71,90,133,143,114,91,81,73,50,67,101,124,91,99,142,178,183,180,164,161,173,115,78,89,60,78,135,182,201,214,187,193,193,176,147,158,159,127,130,178,155,153,125,51,93,146,176,184,183,209,196,166,158,161,156,167,178,180,214,194,171,176,141,155,87,88,66,50,64,72,50,57,47,87,36,22,33,48,32,24,22
142,143,145,148,150,158,153,136,139,152,162,166,190,197,203,210,210,211,204,191,189,184,186,182,178,164,102,32,39,60,55,60,58,79,76,95,84,98,123,113,96,77,69,64,68,74,85,88,112,118,123,147,147,127,83,73,50,62,73,84,100,112,107,119,155,171,156,144,105,113,96,56,72,118,169,190,213,195,193,206,188,179,160,136,151,157,155,149,133,155,90,113,179,186,184,185,202,194,169,161,162,149,161,166,180,207,207,163,156,161,148,71,90,77,45,50,77,54,48,49,72,39,38,63,66,21,23,24
142,139,139,146,153,158,141,142,156,166,171,171,176,188,184,195,202,204,191,189,183,190,181,182,167,147,92,30,40,60,65,74,56,61,71,66,89,61,103,96,80,64,62,58,71,73,67,68,95,115,111,114,103,106,105,127,101,76,76,73,71,96,114,142,158,129,129,126,116,121,96,53,72,118,150,179,209,199,196,202,186,167,162,182,151,127,125,126,148,158,158,73,144,182,180,183,194,192,181,157,149,152,164,149,179,195,205,165,134,133,153,67,78,77,48,52,47,47,47,60,77,25,46,119,62,24,22,22
141,139,136,139,148,152,142,150,170,180,163,159,160,157,167,174,165,171,169,181,187,183,181,182,172,141,95,30,46,59,67,69,55,53,62,56,61,54,57,68,61,56,54,50,56,66,75,85,91,100,105,105,104,92,109,133,149,134,106,105,115,131,146,126,116,136,143,133,137,120,86,50,63,89,123,172,208,205,190,202,191,169,156,159,174,186,177,173,165,179,183,136,126,151,179,181,177,184,180,170,149,140,158,162,179,179,206,185,117,138,138,94,96,70,71,36,30,36,29,58,70,59,114,79,24,26,22,22
141,141,139,139,144,151,145,148,148,152,143,143,145,150,154,176,176,160,157,176,187,193,178,168,166,151,96,32,53,57,61,64,48,36,53,55,47,50,49,53,54,54,49,47,48,49,48,70,98,121,132,107,136,93,106,129,97,101,124,117,99,98,108,116,134,154,159,135,142,117,80,57,65,77,110,159,203,209,191,196,209,196,163,140,134,146,168,176,166,176,175,164,181,191,185,179,156,170,170,167,152,135,139,161,175,177,191,189,118,131,116,135,122,65,61,53,38,45,33,33,57,79,75,37,32,20,23,23
140,139,140,138,137,140,135,137,120,127,143,152,148,144,149,150,189,176,158,179,184,181,179,165,155,149,101,41,55,57,53,48,29,20,37,51,47,47,47,48,51,50,47,42,42,45,47,69,90,114,111,120,159,132,117,112,133,137,129,133,141,157,161,142,155,163,167,135,126,94,70,59,57,73,97,148,198,214,191,186,203,215,195,165,147,124,106,141,163,185,175,170,166,165,176,183,147,153,161,157,154,153,144,145,175,177,163,187,141,137,134,129,100,47,48,41,34,46,48,34,47,40,47,35,22,25,23,23
137,136,137,137,136,138,139,156,124,119,123,144,146,148,159,152,191,176,170,182,176,178,182,162,155,144,103,52,54,54,48,40,24,33,40,49,51,46,48,46,49,47,50,45,45,49,47,53,103,120,112,141,159,118,121,140,147,142,159,162,165,151,162,157,157,171,148,116,102,86,73,61,49,62,94,145,192,216,191,182,191,207,208,194,181,169,168,167,158,152,169,185,168,179,178,157,137,159,155,143,143,140,143,150,169,170,158,151,164,132,118,113,83,57,47,38,37,41,42,42,48,37,29,35,25,26,24,24
135,135,135,136,136,135,141,144,118,114,134,135,155,157,176,174,174,166,179,177,170,179,176,157,165,138,99,80,52,51,45,40,22,34,40,51,51,49,47,45,46,46,48,46,45,45,46,46,83,89,113,146,144,144,162,138,142,133,142,166,164,163,162,163,165,165,141,104,87,85,73,57,48,67,107,149,185,210,201,183,187,200,203,198,185,178,173,167,163,181,157,186,186,175,170,138,132,157,144,147,136,129,143,150,168,166,169,130,150,138,118,91,75,66,54,39,41,38,48,56,48,33,37,30,27,22,24,25
134,136,135,136,137,135,138,140,124,112,121,142,144,131,127,149,153,164,168,166,177,180,175,162,165,135,98,107,55,53,41,34,24,45,49,56,55,45,45,45,46,47,46,45,45,44,45,48,51,83,113,122,144,155,162,141,141,157,166,165,166,165,164,166,168,172,135,101,95,91,71,52,57,80,114,143,177,206,200,186,184,193,199,196,196,191,182,166,164,176,190,157,187,181,164,128,127,147,148,154,135,125,146,145,173,160,172,153,135,129,137,117,96,65,65,54,62,64,57,55,41,32,29,27,26,26,24,25
132,134,134,135,136,139,138,141,132,112,126,152,135,133,130,145,162,170,154,158,176,173,167,161,161,122,119,104,61,52,41,35,31,41,60,57,54,44,45,47,48,48,43,41,43,43,39,47,52,92,103,123,137,140,165,156,159,164,175,161,167,164,167,175,177,163,127,104,99,86,58,44,50,73,109,140,170,197,207,192,185,183,198,193,193,190,195,184,186,168,179,178,176,184,155,112,127,132,141,130,131,121,140,128,177,152,173,161,140,105,115,130,158,150,126,108,118,130,142,71,38,42,37,33,31,29,24,25
130,132,133,135,137,140,139,142,138,124,121,134,147,149,175,160,157,163,169,165,171,171,173,159,156,113,147,103,68,51,46,37,33,30,56,58,54,47,48,49,48,46,43,40,43,42,37,43,49,71,105,136,117,154,151,163,163,153,166,158,159,160,168,181,178,154,114,110,91,45,35,35,37,70,115,132,165,202,209,196,186,176,187,192,197,190,192,186,184,178,183,187,179,180,147,105,134,131,138,124,121,125,140,126,178,149,163,168,152,131,118,134,129,124,104,62,52,87,97,39,42,27,27,27,26,26,25,24
129,132,132,134,138,138,141,143,142,134,123,131,154,189,214,161,164,170,174,186,175,162,172,168,138,111,128,113,66,46,50,40,34,30,35,56,55,44,45,47,46,44,42,37,41,39,36,42,42,61,101,125,129,141,144,154,157,167,160,154,152,161,167,176,163,140,131,100,49,27,25,29,34,73,109,132,168,195,213,209,196,180,178,193,200,198,198,191,183,169,173,183,182,175,144,130,132,137,132,123,121,127,115,136,163,150,156,177,150,129,118,129,95,83,102,113,99,79,97,77,42,38,31,25,25,25,25,24
128,127,131,133,138,138,138,139,142,143,137,136,140,154,163,164,163,196,186,186,164,166,171,176,135,93,116,114,57,51,45,58,47,55,48,42,51,49,42,42,46,46,44,36,38,39,38,41,47,60,91,112,134,117,146,146,146,158,169,158,154,160,163,166,152,152,139,75,32,31,26,24,34,59,106,140,165,189,210,211,204,196,160,186,195,199,194,191,188,179,173,168,176,179,151,150,139,126,125,123,131,130,104,132,164,146,145,170,166,143,89,85,87,78,83,73,80,84,45,28,31,35,39,32,26,27,25,23
127,129,133,133,136,137,138,139,141,143,147,142,131,137,151,171,177,186,190,168,159,169,182,164,136,83,91,97,76,73,47,48,62,69,57,39,45,49,43,42,44,44,44,35,36,40,41,42,52,61,75,101,125,112,134,147,144,152,158,157,161,157,162,158,155,151,97,45,46,50,36,27,33,50,96,130,160,188,204,206,205,195,162,156,190,195,192,194,188,190,176,176,176,175,156,154,132,123,111,112,142,127,102,125,156,145,131,163,162,157,101,78,51,53,62,66,36,39,36,33,31,27,28,28,26,26,25,23
124,127,131,130,134,136,137,138,139,143,147,150,150,150,166,200,194,191,188,159,167,182,174,138,134,87,76,95,87,103,51,48,50,64,64,50,50,52,46,45,45,42,41,37,38,40,39,43,50,55,77,95,95,125,142,145,136,144,147,148,157,159,159,169,163,104,56,28,53,68,45,25,31,46,89,111,138,172,197,201,200,192,172,135,173,193,195,195,192,190,184,177,174,170,169,164,150,132,117,100,126,110,112,148,149,150,136,146,149,165,123,84,79,51,48,40,34,32,33,32,28,32,28,29,27,24,26,25
123,124,128,128,132,135,137,138,138,146,146,143,147,141,148,157,154,161,161,146,144,165,153,133,126,94,66,97,103,97,69,46,49,64,70,67,52,50,46,45,45,41,39,39,37,37,39,43,43,43,73,98,75,109,125,135,126,132,148,151,152,165,167,161,115,73,47,31,47,67,60,32,27,32,51,78,116,148,172,182,183,175,175,137,137,179,195,197,194,186,187,182,179,171,156,152,139,117,129,107,110,115,139,160,142,159,134,139,131,152,145,88,76,59,41,29,29,34,32,38,39,30,27,28,28,26,26,25
124,124,127,129,133,134,136,138,138,135,142,143,148,150,145,142,163,159,148,145,150,166,151,149,95,89,74,51,97,108,81,50,56,61,62,66,46,45,44,43,43,40,41,38,34,36,39,40,44,48,72,88,92,97,104,130,129,129,150,156,159,167,165,126,77,85,46,30,37,48,54,35,32,30,29,50,86,112,136,157,167,157,167,147,101,152,183,189,196,195,185,184,175,162,123,137,122,117,145,115,101,138,155,165,153,148,143,130,109,125,143,102,50,59,41,41,46,51,32,31,31,32,31,29,28,26,23,22
123,123,125,129,132,134,136,138,139,139,137,135,136,138,142,143,156,156,150,156,165,164,155,147,91,43,38,43,89,109,92,56,57,61,58,59,44,45,48,45,42,43,40,41,36,34,41,41,45,51,86,79,97,87,84,107,123,139,151,160,169,159,138,88,87,81,49,32,30,32,23,21,24,29,29,33,51,84,109,129,136,117,128,172,97,115,173,189,190,189,184,177,169,160,105,120,114,93,128,135,105,134,162,152,163,142,161,90,96,122,110,129,103,74,77,94,54,38,32,33,30,31,31,29,27,25,24,24
121,123,126,131,133,136,138,139,139,139,134,134,138,135,135,145,152,141,160,155,162,169,157,148,98,43,31,29,79,118,94,62,56,59,54,53,40,47,47,45,42,42,40,41,38,35,41,49,47,58,83,77,90,78,81,94,115,133,148,157,162,155,107,106,109,76,50,45,43,17,14,15,18,21,24,28,30,50,57,75,80,63,147,194,146,86,145,180,187,188,183,175,168,156,107,148,112,75,86,148,115,131,149,148,145,159,149,89,97,111,113,97,125,126,95,45,33,34,35,34,33,32,32,30,28,26,26,25
121,124,128,131,133,136,138,139,139,138,133,133,135,131,131,137,139,143,151,146,156,171,171,166,134,107,87,62,89,104,77,55,50,57,49,50,46,48,43,45,40,40,39,40,40,35,39,48,47,74,102,81,82,66,72,96,116,138,146,160,157,123,117,111,97,65,68,71,57,38,21,21,23,18,15,29,30,31,44,66,80,162,192,188,187,110,120,168,178,183,182,176,173,146,103,79,81,84,83,151,118,133,139,144,137,131,128,122,131,135,121,107,108,52,42,40,36,32,33,34,31,32,31,30,28,25,25,24
122,126,129,130,131,134,136,138,139,136,135,132,129,127,129,131,132,138,139,139,126,143,196,189,152,129,101,96,88,86,67,48,42,53,50,52,50,50,41,45,38,39,39,40,40,35,38,44,46,79,107,82,65,55,57,86,112,144,152,158,136,114,140,127,109,103,82,105,85,63,45,30,32,25,16,22,28,40,91,136,152,178,185,185,194,177,118,144,171,176,177,173,173,142,80,94,91,72,83,148,132,135,137,150,133,140,102,125,168,163,135,83,73,46,43,36,35,38,42,38,32,30,30,28,26,24,24,23
122,124,127,129,131,131,134,135,136,134,134,133,130,129,129,132,135,137,138,143,138,139,181,168,134,137,127,110,32,60,63,44,40,57,46,51,45,44,35,41,35,33,35,36,37,35,37,40,55,91,108,85,54,55,56,79,107,130,141,151,135,141,140,128,111,109,88,84,86,68,48,29,37,29,40,45,64,83,130,153,149,165,172,178,186,187,167,139,169,178,164,170,171,130,61,39,56,77,94,143,148,129,132,154,158,128,107,143,168,179,133,72,60,45,40,49,37,35,36,33,33,29,29,28,26,24,23,23
124,125,128,130,132,132,135,136,137,138,138,137,135,134,133,136,139,140,142,145,148,144,146,135,127,129,134,166,149,81,81,71,65,67,47,44,41,32,27,38,37,35,36,36,36,36,36,40,54,85,105,76,50,50,51,70,90,118,136,140,144,142,122,104,98,105,85,77,121,81,36,79,66,60,85,72,109,115,149,145,154,167,172,160,181,189,196,162,165,171,172,159,168,105,63,54,52,69,95,138,158,131,143,158,153,130,114,119,157,163,120,65,53,42,40,39,47,44,38,33,28,29,29,28,26,24,25,25
126,127,129,130,131,131,135,137,139,141,140,140,137,136,139,141,144,146,148,147,146,152,150,146,139,142,132,134,166,87,103,118,75,55,42,37,37,25,22,37,39,39,38,37,35,34,36,37,48,76,98,59,50,46,50,71,96,112,129,108,110,122,135,107,110,90,110,112,115,83,83,94,98,102,137,110,116,127,154,146,137,134,153,168,176,174,187,193,190,163,167,156,153,148,135,136,91,60,74,133,123,101,142,157,143,130,108,75,103,135,113,65,54,37,40,39,35,36,42,41,35,29,28,27,25,24,23,23
127,128,128,129,130,130,135,138,140,143,144,144,142,141,143,146,149,151,153,156,153,154,154,144,138,142,134,125,119,100,110,79,80,68,50,42,33,27,23,37,40,41,39,36,34,34,37,34,42,69,87,49,51,42,47,64,93,95,105,104,113,130,107,99,104,112,97,109,105,101,85,72,95,134,142,121,121,136,145,121,140,123,116,178,170,169,189,193,191,180,162,159,151,137,128,104,65,55,75,55,83,79,120,140,146,111,95,77,80,78,86,54,43,40,39,36,39,35,31,31,30,29,27,25,25,25,24,24
130,130,130,130,131,131,136,140,142,145,147,147,147,147,149,152,154,156,156,159,158,157,154,151,145,143,139,139,133,137,124,128,96,69,39,40,28,28,22,34,39,42,38,35,34,35,36,35,40,55,73,41,51,43,54,64,80,64,114,120,119,100,96,81,78,102,84,95,110,83,91,73,94,136,119,118,100,129,124,115,120,117,115,149,165,171,176,181,193,188,169,164,135,120,88,54,53,49,43,78,74,93,63,93,106,82,87,98,77,86,56,46,39,39,38,37,35,34,33,32,28,29,26,24,25,25,24,24
131,133,132,133,135,136,139,144,147,149,150,151,152,152,153,156,157,159,161,160,158,156,157,157,149,147,151,149,147,145,137,128,75,47,29,28,26,24,29,33,41,40,40,36,39,38,34,37,40,57,54,39,42,42,49,63,77,71,96,88,117,100,69,78,74,72,82,109,102,87,63,62,123,117,118,106,112,137,103,129,99,104,114,127,154,172,177,158,192,201,186,165,133,72,76,46,43,38,45,66,53,62,69,51,86,70,53,64,62,54,45,41,37,39,38,34,34,33,32,30,28,28,27,26,26,25,26,26
134,135,134,134,137,139,143,146,150,150,151,152,152,153,156,158,159,161,163,163,161,159,161,162,157,155,158,157,158,153,156,124,66,33,25,23,21,27,33,35,40,38,37,34,36,35,35,40,38,47,50,41,40,38,44,57,85,64,94,86,111,88,42,58,64,35,69,81,62,57,34,44,106,77,64,75,110,107,128,97,73,94,97,114,159,156,151,151,181,191,187,171,106,79,60,53,42,45,57,60,36,48,49,53,47,51,51,52,47,44,40,37,38,39,38,35,34,33,31,29,28,28,28,27,26,26,26,27
138,140,138,139,141,142,145,149,152,153,153,154,155,155,157,160,160,162,164,164,162,161,163,167,164,162,164,165,168,164,166,97,47,33,29,22,19,27,36,37,38,36,38,37,38,38,36,40,40,42,50,41,39,38,45,56,57,43,76,76,95,65,48,34,34,46,43,48,52,43,18,28,41,48,46,75,52,54,66,51,61,60,93,92,145,120,131,157,179,185,181,169,90,67,63,62,56,61,56,40,40,45,41,40,41,43,47,41,36,38,40,37,37,37,36,35,33,32,31,29,28,29,28,27,27,26,27,27
142,144,144,145,147,148,150,153,155,157,158,158,159,160,160,162,162,163,165,165,164,163,166,170,170,169,169,171,171,170,140,66,34,38,33,24,17,23,35,37,37,36,35,36,36,36,37,43,45,41,42,36,33,35,41,47,47,53,62,54,45,46,50,42,19,18,18,22,24,28,16,16,20,33,32,45,28,39,56,44,40,43,83,89,101,100,136,157,166,178,180,141,79,63,40,35,44,41,38,44,41,39,41,39,36,40,36,36,36,35,35,35,36,35,34,34,32,31,30,29,29,29,29,28,27,27,27,27
145,148,150,151,154,154,156,159,161,161,161,161,162,163,164,165,165,166,168,168,168,167,169,174,175,174,174,175,170,143,73,39,29,27,28,25,18,19,33,36,37,37,34,35,34,36,37,40,48,47,43,34,33,34,37,38,50,39,39,34,37,40,28,29,20,22,19,23,15,17,15,14,25,25,30,34,41,39,37,48,44,68,88,79,37,55,96,142,155,157,170,123,42,51,42,37,36,41,33,36,35,37,35,37,33,36,37,33,36,34,34,35,34,33,32,32,31,30,30,29,29,30,29,28,28,27,28,27
149,154,156,157,159,159,161,162,164,165,165,165,167,167,168,167,168,169,170,171,172,172,172,176,182,176,182,173,152,103,61,26,34,30,26,25,23,15,27,33,32,35,34,34,31,34,39,38,46,47,42,35,33,33,35,38,33,32,26,16,29,36,34,26,18,26,32,35,32,29,24,22,26,28,44,61,63,58,76,74,55,79,104,72,65,84,98,120,153,152,153,80,43,42,39,36,36,36,35,34,34,34,36,36,36,36,36,36,34,33,34,34,33,32,32,31,31,31,31,30,29,29,29,28,27,27,26,26
153,158,160,160,162,163,163,164,165,166,166,166,168,169,169,169,169,170,172,174,175,175,176,177,182,183,170,172,119,71,43,26,30,24,19,20,22,19,18,31,29,36,35,33,30,32,36,38,44,46,42,39,35,32,32,33,32,28,22,19,22,30,33,28,24,26,30,32,34,35,31,30,37,35,52,62,57,54,80,76,70,92,111,108,97,94,111,116,142,145,147,45,44,39,39,37,35,34,34,33,33,34,35,35,35,35,35,34,33,33,33,33,31,31,31,30,30,31,31,30,29,30,29,27,26,25,24,25
155,159,160,161,163,166,166,166,166,167,167,167,169,170,171,170,170,170,171,173,174,175,176,181,179,177,162,137,104,94,39,21,27,24,22,22,19,19,13,23,24,32,34,29,28,28,30,34,38,42,40,37,34,31,30,32,37,37,24,22,23,30,33,28,29,34,35,35,34,35,38,30,29,28,30,42,58,75,94,112,113,116,122,131,125,105,118,113,128,142,111,44,40,38,38,36,34,33,33,32,33,34,35,35,35,35,35,33,32,32,32,32,31,30,30,30,30,30,30,29,28,29,27,26,24,24,23,24
157,161,162,162,163,165,166,166,167,168,168,168,169,170,168,167,166,166,167,168,170,171,172,178,180,181,150,100,107,55,36,21,24,24,20,20,19,18,17,18,22,27,31,25,25,25,25,30,32,37,36,36,33,28,27,28,33,36,30,24,26,31,32,29,35,40,43,44,45,47,53,51,65,75,74,76,84,99,120,123,132,129,137,140,134,120,109,114,131,140,61,38,39,39,36,33,33,33,32,32,32,34,34,34,34,34,34,33,31,30,31,31,30,29,29,28,29,30,30,29,28,26,26,25,25,24,23,23
157,159,161,162,162,163,165,167,166,166,166,165,165,165,163,160,160,160,161,167,162,169,164,168,183,173,90,91,122,54,18,24,25,20,15,17,19,17,18,16,17,21,30,25,23,23,22,26,30,32,31,30,27,27,25,26,29,35,40,28,27,31,33,33,44,51,57,51,56,65,67,69,75,74,78,81,89,108,123,121,132,127,145,147,148,129,112,106,123,113,30,41,38,39,36,36,33,36,32,33,34,34,34,34,33,33,34,33,32,31,30,30,28,29,29,29,28,28,29,29,29,26,26,25,24,24,23,23
157,158,160,161,161,163,164,166,165,164,163,162,161,161,158,155,153,152,153,153,156,160,165,172,175,105,46,106,105,37,24,18,18,17,16,17,18,18,16,13,13,17,25,29,22,20,23,22,25,31,28,28,25,28,24,23,28,35,42,31,33,33,35,41,44,59,70,65,71,79,86,108,114,105,116,132,148,160,159,147,146,144,152,149,142,144,107,105,112,56,40,33,40,36,36,34,32,33,34,36,36,35,35,34,33,33,33,33,31,30,30,29,27,28,28,27,27,28,28,29,29,27,26,25,24,24,23,23
157,158,159,159,160,163,164,164,164,162,160,158,156,155,152,148,144,142,142,144,147,158,183,181,139,50,55,52,41,32,22,25,19,18,20,19,18,17,20,20,16,13,18,26,23,20,21,21,22,26,27,27,25,29,23,20,26,32,40,31,35,36,40,47,50,61,74,85,101,121,143,157,167,167,168,175,184,184,180,174,169,171,160,153,145,129,103,94,158,125,91,54,35,31,35,35,35,30,33,34,34,34,34,33,32,32,33,32,31,29,29,29,27,26,26,26,27,28,28,28,28,27,26,25,24,24,23,23
155,156,158,158,160,163,161,160,160,158,156,153,150,148,144,139,134,132,129,132,136,172,192,170,129,70,27,36,39,28,24,17,20,21,22,19,19,21,19,15,15,18,15,16,23,21,15,20,21,19,25,26,23,27,22,20,23,26,34,28,30,37,43,44,56,71,77,86,101,121,136,142,165,173,170,175,186,185,184,174,172,172,161,155,134,113,78,139,170,187,179,153,120,78,45,33,34,35,34,35,36,35,34,33,32,32,32,31,29,28,28,28,27,26,26,28,28,27,27,27,26,27,26,25,24,24,23,23
153,155,158,158,159,158,155,154,154,153,151,147,144,141,135,130,126,123,124,127,143,190,178,167,110,39,47,25,38,27,22,19,18,22,21,16,17,15,19,20,17,16,16,12,19,20,15,16,19,20,22,25,22,24,22,21,20,22,28,23,28,34,38,40,52,71,77,88,97,114,133,136,150,158,166,160,167,177,175,176,169,166,164,148,126,92,132,175,162,142,167,176,184,175,116,88,51,34,33,34,35,34,33,33,31,31,32,30,29,27,27,27,27,26,28,31,29,27,27,26,26,27,26,25,24,24,23,23
154,154,156,155,153,153,150,149,148,147,143,140,135,131,130,126,120,118,122,123,147,185,187,148,95,43,20,17,24,29,30,14,23,17,16,20,22,17,19,20,16,15,18,19,12,14,17,14,15,18,21,22,22,21,22,22,19,19,22,25,25,33,37,36,44,52,66,82,92,99,105,130,133,149,151,151,147,152,161,159,154,160,156,134,98,100,164,147,148,154,173,172,162,178,168,171,162,120,91,45,38,32,31,28,29,33,29,30,26,31,25,27,25,26,26,28,26,26,26,27,28,28,27,26,25,24,25,25
153,151,152,150,147,145,143,141,139,137,135,134,131,126,125,120,118,120,120,125,150,185,147,89,77,69,28,24,26,22,28,21,19,17,16,13,13,16,15,19,19,14,16,19,13,11,16,17,14,15,18,18,19,21,22,22,22,21,22,23,22,24,29,32,36,39,46,63,79,85,93,96,107,117,121,107,111,122,128,136,140,139,143,104,85,121,136,146,150,171,168,167,171,157,108,156,187,172,168,146,105,73,53,44,27,27,29,31,30,28,28,25,26,26,26,26,26,26,26,27,28,27,27,26,25,25,25,25
152,150,148,145,141,138,135,131,129,125,124,124,122,118,114,118,113,112,114,133,139,152,136,101,72,47,28,26,22,28,21,18,12,16,18,14,13,17,14,18,20,13,12,16,15,13,13,13,14,14,14,14,16,19,20,20,21,20,22,24,23,23,24,27,27,29,30,44,60,65,79,84,91,87,81,74,86,91,108,124,119,119,102,87,125,91,114,127,164,170,155,165,146,138,154,153,191,168,140,162,161,161,158,156,110,65,32,21,27,23,27,24,25,25,25,25,26,26,25,25,26,26,26,26,26,25,24,24
150,146,142,138,132,128,124,120,117,118,115,113,113,112,109,104,110,127,151,172,175,140,139,88,52,90,52,31,37,37,30,38,18,16,17,17,15,14,13,13,13,11,11,15,16,16,14,11,11,11,11,13,14,16,18,19,18,18,20,21,21,20,23,25,26,27,27,31,38,42,58,83,95,98,78,58,59,80,82,98,94,87,65,106,92,71,116,130,149,156,143,141,110,143,130,134,171,182,132,145,167,161,149,163,166,174,143,90,48,27,23,19,24,25,25,25,27,26,25,25,25,26,26,26,26,25,24,24
147,142,136,130,125,118,116,111,107,106,99,96,98,99,104,135,176,193,200,182,173,71,81,82,48,60,46,46,38,52,30,30,15,12,17,19,21,16,14,12,12,12,13,15,16,15,16,14,10,8,11,13,13,13,16,17,19,18,18,16,18,21,22,20,21,21,23,24,28,32,38,58,71,81,61,53,63,74,70,80,70,42,64,103,103,93,111,115,128,124,138,148,157,152,136,157,150,146,120,155,176,173,178,168,117,137,166,159,152,126,82,59,36,26,24,24,26,26,24,24,24,25,25,25,26,25,24,24
145,140,131,123,118,109,104,100,95,95,92,91,90,107,150,176,193,178,154,155,134,61,63,106,145,66,52,46,28,21,22,20,22,20,24,18,21,16,12,16,20,17,18,16,14,16,11,14,14,11,9,9,10,11,13,14,17,18,18,17,15,16,18,19,19,22,22,23,25,28,30,31,38,43,47,44,54,49,61,59,55,49,58,101,99,96,105,64,116,113,111,146,143,156,95,120,109,121,159,139,157,161,145,125,111,151,168,177,168,146,141,152,122,70,34,25,24,23,22,22,25,25,25,23,24,21,23,23
146,141,132,121,111,104,94,91,90,90,85,75,114,144,186,174,164,147,152,85,119,128,9,68,131,109,57,22,16,24,18,23,22,12,9,13,18,24,17,12,12,11,15,11,16,13,17,15,13,10,10,8,7,7,10,13,13,14,16,17,15,14,13,15,18,18,16,15,17,20,24,19,23,24,20,25,28,43,44,45,31,45,61,95,92,96,110,106,119,79,91,119,114,167,136,129,147,115,98,78,109,135,124,100,126,144,141,163,147,140,115,124,142,160,150,93,36,16,20,19,23,24,24,20,22,24,22,22
141,133,125,113,102,95,88,83,78,73,83,138,185,177,196,149,127,101,165,164,168,134,19,37,103,69,99,54,29,46,40,29,24,25,26,19,18,14,15,17,18,16,15,10,10,17,11,12,11,10,10,9,8,7,8,10,11,10,10,10,11,10,9,11,15,15,18,20,19,18,16,10,12,13,18,32,66,60,21,32,39,14,40,100,117,121,118,113,121,95,86,92,78,121,163,135,153,108,66,119,53,111,132,120,136,131,140,118,106,124,157,100,118,162,170,174,153,95,54,32,17,19,21,23,21,21,22,22
137,125,117,108,98,84,81,77,75,115,147,168,169,157,111,164,155,181,183,166,152,128,46,8,9,86,116,87,41,60,64,28,22,22,27,19,23,18,20,18,12,9,15,13,17,27,13,11,12,14,11,10,10,9,7,7,9,8,7,8,8,8,7,9,11,10,12,16,18,18,17,16,17,23,34,63,108,60,7,32,36,10,62,70,102,104,110,100,108,78,113,68,98,121,137,132,102,145,111,141,122,112,128,148,103,83,143,142,112,111,126,152,131,147,146,135,167,161,149,124,82,39,21,20,20,22,22,22
129,116,109,108,86,78,75,82,113,138,168,163,164,170,162,187,187,181,141,166,127,83,93,26,5,16,80,95,73,82,26,30,36,45,29,19,24,23,28,25,16,12,8,13,8,12,7,19,7,15,9,11,10,10,10,11,6,8,9,8,8,8,8,9,10,10,11,13,16,17,15,17,30,40,54,90,118,64,3,18,29,13,52,69,85,110,141,97,80,85,94,77,105,120,85,147,126,134,110,89,108,127,133,146,106,87,74,100,129,155,111,136,124,129,122,112,97,134,152,154,142,124,98,45,17,19,24,17
122,108,99,89,81,76,98,163,186,176,181,166,181,191,172,162,164,170,164,147,109,74,45,50,23,12,2,18,74,96,55,47,36,31,31,29,33,30,12,20,21,14,19,16,12,14,11,17,7,11,7,13,12,9,9,9,9,8,7,9,9,8,9,9,9,10,10,12,15,17,18,17,32,58,81,101,100,41,2,11,20,18,25,68,92,103,122,139,95,87,101,115,79,101,67,144,125,96,123,87,84,104,141,159,123,89,82,102,125,136,80,119,154,170,137,113,86,134,119,129,140,145,167,138,95,36,21,19
110,101,89,83,80,137,174,181,153,167,171,147,188,179,179,160,147,167,157,184,115,93,88,99,23,5,12,18,44,85,65,58,18,44,54,25,44,23,28,22,24,16,21,14,25,11,24,14,12,9,8,12,11,12,12,12,11,9,9,9,8,9,9,9,9,10,10,11,14,16,19,19,39,67,94,109,86,21,4,4,15,24,51,73,86,84,109,109,94,65,114,90,111,97,118,84,126,115,149,105,145,65,103,138,150,117,79,142,169,145,114,100,152,164,150,162,141,140,117,114,139,147,121,125,123,124,78,17
101,98,87,135,145,175,194,148,129,181,126,161,163,178,160,172,182,168,83,157,110,117,109,77,39,17,9,6,4,16,42,60,83,70,53,35,36,23,22,34,29,12,15,19,22,24,22,10,15,9,9,12,13,13,12,10,10,12,12,9,9,9,9,8,8,9,9,10,12,15,21,30,55,69,100,115,61,10,6,10,11,43,50,86,94,61,82,71,108,116,122,97,113,104,128,78,98,88,98,75,123,92,112,139,113,122,86,84,130,129,135,93,118,148,143,154,138,136,127,123,122,144,110,123,108,156,148,72
93,89,133,169,176,179,165,168,150,106,92,183,169,136,134,128,149,157,142,142,114,75,143,90,54,57,17,10,15,8,14,48,38,62,53,33,38,54,58,31,55,25,22,30,27,24,30,14,20,15,15,6,8,11,12,11,11,10,10,12,11,10,9,8,8,9,9,10,11,12,19,34,57,75,104,115,45,9,5,7,12,25,45,100,87,74,90,74,99,117,95,69,115,97,103,78,69,116,102,105,120,119,152,95,72,117,119,61,99,130,106,127,126,142,136,140,144,148,140,90,90,126,125,124,105,111,118,91
91,134,144,162,166,156,148,153,157,140,111,143,128,132,149,116,149,148,131,141,98,81,144,112,79,98,51,14,13,12,5,18,40,64,58,69,55,49,53,49,44,26,29,23,35,14,30,22,24,15,13,7,11,8,7,13,11,12,11,14,14,13,17,4,9,7,9,9,13,14,23,53,89,87,101,96,52,7,6,6,12,12,42,81,73,125,80,57,94,97,69,79,87,86,45,89,91,112,117,120,101,129,127,120,113,76,82,119,95,102,96,79,115,137,126,140,133,161,155,108,86,117,144,146,94,83,68,77
152,178,163,146,184,178,180,178,127,141,114,96,152,141,122,161,158,128,100,82,112,146,106,96,70,90,93,36,25,12,9,2,23,46,85,102,82,51,83,79,45,28,30,44,71,24,16,20,16,15,17,12,14,11,5,8,14,14,11,19,16,13,15,17,22,10,4,11,10,12,19,72,111,124,105,83,35,4,8,2,13,13,29,59,61,100,69,75,101,83,81,67,59,110,106,118,92,92,108,91,87,94,135,138,126,112,106,93,106,116,97,57,115,104,132,137,141,152,152,130,103,87,136,127,113,126,101,98
151,166,155,179,178,160,166,157,184,179,91,60,135,133,104,133,133,101,143,107,48,80,84,82,61,100,51,59,75,19,9,12,2,13,45,71,53,54,68,77,71,47,51,45,34,23,26,28,12,16,25,18,17,23,19,19,15,11,11,19,14,20,31,39,24,31,18,8,8,15,24,62,125,120,116,94,22,7,7,9,17,12,15,17,34,49,95,101,82,72,49,111,107,92,53,82,85,57,111,106,100,80,79,72,90,114,88,78,101,92,133,89,63,56,126,126,140,137,123,112,111,110,122,136,109,132,135,139
175,190,164,139,120,136,79,84,135,131,117,100,142,131,126,165,132,112,126,86,53,80,102,98,25,81,77,49,35,59,29,0,16,5,28,52,60,92,64,64,43,33,52,49,54,37,49,38,20,31,22,24,15,24,15,6,12,17,14,23,23,20,34,45,24,44,38,57,24,13,21,41,104,125,122,91,24,9,4,2,20,42,15,2,2,18,27,30,61,83,55,98,86,98,99,78,80,83,78,134,121,106,82,70,117,76,78,128,124,80,75,71,60,43,113,148,142,126,117,67,108,141,94,123,116,114,119,119
132,172,138,179,112,161,116,106,88,114,105,105,67,114,153,168,129,96,132,128,105,106,86,100,65,102,84,57,63,63,91,47,2,18,0,5,10,57,72,36,64,52,34,43,45,45,52,39,17,30,23,27,22,30,21,10,26,29,20,34,33,41,48,62,41,59,60,86,83,63,47,29,56,101,123,75,22,14,44,62,64,91,25,6,5,4,2,11,13,14,64,92,42,77,81,94,70,111,81,63,67,99,99,96,112,111,45,86,92,62,62,103,93,63,112,118,112,87,122,104,74,125,114,68,136,124,83,72
147,161,164,159,146,121,139,93,130,137,96,99,94,104,109,137,97,77,127,143,171,126,92,95,107,105,66,51,86,73,65,63,61,6,11,10,2,15,60,78,78,61,52,45,54,52,68,56,43,24,64,59,35,36,31,30,43,34,41,34,54,50,63,29,72,39,35,55,86,103,140,124,121,114,102,60,67,70,102,94,85,67,68,19,1,3,4,7,1,6,22,49,86,130,118,75,91,100,93,48,91,123,86,66,90,90,92,86,94,109,75,118,119,114,107,83,78,104,107,129,99,91,128,77,100,141,70,80
135,163,152,130,152,81,81,124,140,153,146,132,115,173,137,122,124,150,110,111,78,78,72,80,52,97,93,79,74,64,44,75,55,44,12,9,10,4,7,34,61,87,103,93,65,70,53,112,59,61,48,68,36,52,36,63,86,74,60,39,27,47,61,59,49,57,62,94,89,108,86,86,137,140,113,72,94,115,51,73,76,85,102,44,9,3,2,6,3,3,2,10,34,75,58,75,67,99,90,68,82,124,103,73,75,99,87,117,90,86,92,66,81,82,84,139,120,133,108,82,138,134,135,112,73,107,77,88
